chr1	17001	270000	2.911755736911576	-0.249513
chr1	629001	635000	1.3991690960043404	-1.126263
chr1	701001	9252000	3.016527318370335	-0.204707
chr1	9252001	12789000	3.0645811699386467	-0.184613
chr1	12789001	12887000	1.5878164422764296	-0.983139
chr1	12888001	15592000	2.986485123634785	-0.217413
chr1	15592001	16544000	3.0926865268613364	-0.172989
chr1	16544001	16851000	4.738875115010586	0.382854
chr1	16856001	18447000	2.9758452063918823	-0.22194
chr1	18447001	23215000	3.0154730528842975	-0.205151
chr1	23215001	28244000	3.073939765191744	-0.180732
chr1	28244001	29320000	3.127387874672425	-0.158765
chr1	29320001	30867000	2.9496995372088026	-0.233125
chr1	30867001	34129000	3.0321441089617367	-0.198146
chr1	34129001	34852000	2.933307325986557	-0.240182
chr1	34852001	36416000	3.061045404465181	-0.186082
chr1	36416001	38479000	2.98962682999198	-0.216079
chr1	38479001	40598000	3.064455948623842	-0.184665
chr1	40598001	43783000	2.9815311877721205	-0.219519
chr1	43783001	44869000	3.0335853504536585	-0.197542
chr1	44869001	45324000	2.803512931411176	-0.297313
chr1	45324001	45992000	2.8326511389129654	-0.284289
chr1	45992001	46145000	2.6762372486672112	-0.355622
chr1	46145001	50405000	2.9014325649105572	-0.254004
chr1	50405001	54863000	3.004418099452295	-0.209815
chr1	54863001	64373000	2.9282690005239953	-0.242358
chr1	64374001	64386000	1.1164767830275562	-1.371438
chr1	64386001	67223000	2.954982431951056	-0.230858
chr1	67223001	84905000	3.6938644200767867	0.055554
chr1	84905001	88064000	2.943715930056008	-0.235697
chr1	88064001	90056000	3.7181354891238647	0.064062
chr1	90056001	92008000	2.9400825879580896	-0.237261
chr1	92008001	98568000	2.944722532538908	-0.235264
chr1	98568001	99527000	2.90772240478255	-0.251266
chr1	99527001	102280000	2.9371397758794537	-0.238529
chr1	102280001	106967000	2.8994158219519175	-0.254883
chr1	106967001	107642000	2.9662938067549245	-0.226016
chr1	107642001	108822000	3.178269697927376	-0.138159
chr1	108822001	109297000	3.3187649390127745	-0.082744
chr1	109297001	110834000	3.219388970167781	-0.121719
chr1	110834001	110846000	1.0662512406911144	-1.419717
chr1	110846001	112137000	3.1882288013559235	-0.13416
chr1	112137001	113137000	4.068161157231345	0.181488
chr1	113137001	117337000	3.191714399386352	-0.132763
chr1	117337001	117340000	2.4407606760432277	-0.470138
chr1	117340001	120672000	3.154852249841218	-0.147606
chr1	120805001	120858000	-0.4096385495467533	-29.655197
chr1	120859001	120880000	-0.3740913723666777	-6.795423
chr1	120882001	120894000	-0.3533558678944963	-6.132467
chr1	120896001	120899000	-0.40963854937067123	-29.601802
chr1	120901001	120909000	-0.4096385493623705	-29.599333
chr1	120909001	120922000	-0.33157683759781503	-5.660543
chr1	120935001	123014000	4.628085149581271	0.35147
chr1	123019001	123231000	1.999172107900019	-0.712981
chr1	123234001	123776000	0.6756991425205505	-1.863158
chr1	123783001	124407000	1.1625595322430604	-1.328519
chr1	124407001	124779000	3.576613674222699	0.013731
chr1	124780001	124906000	2.4462902188957916	-0.467342
chr1	124908001	143662000	4.790074458764223	0.39713
chr1	143662001	143677000	11.98676738536513	1.650548
chr1	143677001	147491000	4.774524154583258	0.392809
chr1	147491001	150498000	4.876433164972058	0.420894
chr1	150498001	152290000	4.9514649879360055	0.441228
chr1	152291001	153168000	4.714643895405889	0.376048
chr1	153168001	153856000	4.864688373340793	0.417685
chr1	153856001	154390000	5.006786650442319	0.456039
chr1	154390001	169772000	4.006152777002724	0.16137
chr1	169772001	169780000	1.838909940295483	-0.812308
chr1	169780001	192324000	3.939624589759537	0.139469
chr1	192324001	192332000	1.8437420318370739	-0.809211
chr1	192332001	192446000	3.8309455547096958	0.102961
chr1	192446001	192461000	1.847168372416933	-0.807019
chr1	192461001	192475000	1.7954873018698356	-0.840441
chr1	192475001	192490000	1.8548637368209706	-0.802108
chr1	192490001	192691000	1.7763578061973784	-0.853011
chr1	192691001	200664000	3.886242353894498	0.121652
chr1	200664001	200682000	1.9282610841086085	-0.756089
chr1	200682001	200758000	1.9330935666017772	-0.75311
chr1	200758001	201071000	4.067031525918258	0.181124
chr1	201071001	201088000	1.8984186787639146	-0.774623
chr1	201088001	201276000	3.993633547874415	0.157274
chr1	201276001	201284000	1.7222957751349477	-0.889139
chr1	201284001	212837000	4.01333617379069	0.163715
chr1	212837001	213132000	1.886024647826175	-0.782391
chr1	213132001	213198000	3.972384270656287	0.150295
chr1	213198001	213206000	1.9754370503668683	-0.727267
chr1	213206001	234776000	3.99034154630283	0.156195
chr1	234776001	234786000	3.777799936857358	0.084766
chr1	234786001	248454000	4.020417639530325	0.166023
chr1	248457001	248471000	1.4958725283683745	-1.051124
chr1	248471001	248577000	3.837001994951572	0.10502
chr1	248577001	248635000	7.306756459558396	0.966625
chr1	248645001	248931000	4.280546996363228	0.248343
chr2	11001	3344000	3.2467819572613137	-0.11087
chr2	3344001	9756000	3.2674298088508187	-0.102746
chr2	9756001	12903000	3.290022231302782	-0.093909
chr2	12903001	15580000	3.216545110861945	-0.12285
chr2	15580001	23835000	3.235442761361735	-0.115351
chr2	23835001	24015000	3.4274445169372307	-0.041292
chr2	24015001	25992000	3.349656101224668	-0.07084
chr2	25992001	26137000	3.4542326336022664	-0.031255
chr2	26137001	30305000	3.3157528248439174	-0.08391
chr2	30305001	32012000	3.2532149432982793	-0.108334
chr2	32012001	34217000	3.3146658585006525	-0.084331
chr2	34217001	36805000	3.2235090992157245	-0.120082
chr2	36805001	38678000	3.3188217947584016	-0.082722
chr2	38678001	39610000	3.342965299109494	-0.07341
chr2	39610001	41012000	3.2159243346952233	-0.123097
chr2	41012001	41023000	-0.40963854999185434	-29.799699
chr2	41023001	41206000	3.2039218210039073	-0.127881
chr2	41206001	41880000	3.214557493920408	-0.123641
chr2	41880001	45157000	3.3242865732618863	-0.080609
chr2	45157001	45207000	3.5761495072542018	0.013563
chr2	45207001	47331000	3.3034713007956165	-0.088674
chr2	47331001	47533000	3.3811001081834364	-0.058823
chr2	47533001	48870000	3.3100272286101107	-0.086129
chr2	48870001	53516000	3.199498673801007	-0.129648
chr2	53516001	57052000	3.2773808240735587	-0.098847
chr2	57052001	57692000	3.2039218210039073	-0.127881
chr2	57692001	60293000	3.2186042345636836	-0.122031
chr2	60293001	61434000	3.3497889965426695	-0.070789
chr2	61434001	62550000	3.3457781492310077	-0.072329
chr2	62550001	63680000	3.234361546435903	-0.115779
chr2	63680001	66864000	3.28410318545444	-0.096219
chr2	66864001	67173000	3.1618512406351544	-0.144776
chr2	67173001	67832000	3.2421696579320574	-0.112691
chr2	67832001	69453000	3.267766259185471	-0.102614
chr2	69453001	71130000	3.1004027293819174	-0.169814
chr2	71130001	73729000	3.2617708463188206	-0.104968
chr2	73729001	75955000	3.2863825613953774	-0.095329
chr2	75955001	83899000	3.208631273329243	-0.126002
chr2	83899001	86313000	3.288142996619697	-0.094642
chr2	86313001	89032000	3.303862528612138	-0.088522
chr2	89032001	89049000	1.8479663061181397	-0.806509
chr2	89049001	89787000	3.3186874098477848	-0.082774
chr2	89787001	89872000	3.6837340589697956	0.051988
chr2	89883001	89922000	2.388592317742398	-0.496787
chr2	89933001	91442000	3.5292483636637937	-0.003514
chr2	91442001	92354000	3.312977945928842	-0.084985
chr2	92370001	94152000	3.036338270437783	-0.196389
chr2	94153001	96256000	3.263728339994494	-0.104199
chr2	96256001	97041000	3.381013400361181	-0.058856
chr2	97041001	97580000	3.1994036118477935	-0.129686
chr2	97580001	104836000	3.2754364894893073	-0.099608
chr2	104836001	105656000	2.4871753346470573	-0.446835
chr2	105656001	106310000	3.285268308710234	-0.095764
chr2	106310001	112071000	3.258026771253303	-0.10644
chr2	112071001	112948000	3.3456948523468095	-0.072361
chr2	112948001	113413000	3.259300650600137	-0.105939
chr2	113413001	113693000	3.0288272524505175	-0.199537
chr2	113693001	114524000	3.265342975344881	-0.103565
chr2	114524001	115970000	2.4729701210972537	-0.453927
chr2	115970001	116968000	3.185063003432241	-0.13543
chr2	116968001	120013000	3.237497448026092	-0.114538
chr2	120013001	125200000	3.2443547720278763	-0.111828
chr2	125200001	125310000	3.110958217655333	-0.165482
chr2	125310001	127170000	3.225960237475224	-0.119109
chr2	127170001	127827000	3.32824337625688	-0.079081
chr2	127827001	128686000	3.3186047138487487	-0.082806
chr2	128686001	129375000	3.2290586432285595	-0.11788
chr2	129375001	131403000	3.2773424895665446	-0.098862
chr2	131403001	131464000	3.5146904528485448	-0.008856
chr2	131464001	131472000	1.465703809493835	-1.074148
chr2	131472001	134737000	3.2355261393839347	-0.115318
chr2	134737001	140111000	3.248926720229982	-0.110024
chr2	140111001	142140000	3.2260811997299847	-0.119061
chr2	142140001	143343000	2.484544149332404	-0.448146
chr2	143343001	145745000	3.2418102394601713	-0.112833
chr2	145745001	149125000	2.4674028810706323	-0.456716
chr2	149125001	151131000	3.2421949704254462	-0.112681
chr2	151131001	153685000	3.2626794619999226	-0.104611
chr2	153685001	156498000	3.23166243599015	-0.116848
chr2	156498001	169374000	3.246792095025642	-0.110866
chr2	169374001	177795000	3.285509061295167	-0.09567
chr2	177795001	200617000	3.2458696735638344	-0.11123
chr2	200617001	201293000	3.3719987435706607	-0.062291
chr2	201293001	202063000	3.282708081845287	-0.096764
chr2	202063001	202431000	3.408694636674386	-0.048359
chr2	202431001	202448000	1.879213159457246	-0.786678
chr2	202448001	203814000	3.3387590674491454	-0.075028
chr2	203814001	208894000	3.034628479261776	-0.197105
chr2	208894001	211868000	2.9934294918051245	-0.214466
chr2	211868001	213929000	2.99629195217389	-0.213253
chr2	213929001	216168000	3.0401692746864697	-0.194786
chr2	216168001	216882000	2.2548358958196832	-0.567451
chr2	216882001	226485000	3.0409823868496217	-0.194446
chr2	226486001	227250000	3.005495001164472	-0.20936
chr2	227250001	229168000	3.032566397030833	-0.197969
chr2	229168001	230420000	3.2172313555511916	-0.122577
chr2	230420001	235080000	3.3312992986049386	-0.077902
chr2	235080001	236020000	3.290522324940563	-0.093714
chr2	236020001	236563000	3.310875578092189	-0.0858
chr2	236563001	237592000	3.2573302658613517	-0.106714
chr2	237592001	241557000	3.3070814263989314	-0.087272
chr2	241557001	242159000	3.415338250223114	-0.045851
chr3	12001	657000	2.8147218237973815	-0.292289
chr3	657001	3745000	2.7005908595868777	-0.344281
chr3	3745001	4798000	2.6948443756323943	-0.346949
chr3	4798001	5468000	2.7601882142105034	-0.316898
chr3	5468001	9045000	2.690545779074182	-0.348948
chr3	9045001	9317000	2.722873364941401	-0.333982
chr3	9317001	9786000	2.7782274705120074	-0.308711
chr3	9786001	10165000	2.854709747009467	-0.274507
chr3	10165001	11732000	2.7402875825891724	-0.325984
chr3	11732001	15927000	2.7534545005202786	-0.319966
chr3	15927001	16469000	2.709453212845991	-0.340176
chr3	16469001	16500000	2.6783855180688603	-0.354618
chr3	16500001	19903000	2.693854676171115	-0.347409
chr3	19903001	20270000	2.759584053759463	-0.317173
chr3	20270001	20277000	0.9404443479084637	-1.548254
chr3	20277001	23656000	2.680449606390411	-0.353654
chr3	23656001	26247000	2.709401325525637	-0.3402
chr3	26247001	27371000	2.6620586310560723	-0.362266
chr3	27371001	28061000	2.760779304410233	-0.316629
chr3	28061001	28599000	2.8891012786487504	-0.259387
chr3	28599001	28924000	3.1888972156699045	-0.133892
chr3	28924001	29026000	2.972629493172	-0.223311
chr3	29026001	30333000	2.686581475957404	-0.350794
chr3	30333001	31169000	2.7170813771002265	-0.336652
chr3	31169001	31221000	3.1808695005537584	-0.137114
chr3	31221001	31462000	2.728628225415052	-0.331334
chr3	31462001	32591000	3.2754594782554034	-0.099599
chr3	32591001	36117000	3.365260326274542	-0.064864
chr3	36117001	36142000	3.349551872889934	-0.07088
chr3	36142001	36393000	3.3490646437576235	-0.071067
chr3	36393001	36916000	3.419879921890063	-0.044139
chr3	36916001	39967000	3.4888286528436967	-0.018395
chr3	39967001	40071000	3.3693417489479303	-0.063305
chr3	40071001	40662000	3.4687302483406923	-0.025852
chr3	40662001	40741000	3.405625737027804	-0.049519
chr3	40741001	41526000	3.478428227495344	-0.022249
chr3	41526001	43134000	3.503947041399387	-0.012811
chr3	43134001	43257000	4.010329673297082	0.162734
chr3	43257001	44724000	3.4945967330397782	-0.016262
chr3	44724001	46873000	3.496326384047465	-0.015623
chr3	46873001	49282000	3.6178932987992733	0.028594
chr3	49282001	49989000	3.664601535560366	0.045229
chr3	49989001	52987000	3.544770182393692	0.00216
chr3	52987001	54464000	3.5033801300822742	-0.01302
chr3	54464001	56606000	3.4006915747855446	-0.051386
chr3	56606001	56971000	3.489366430031401	-0.018196
chr3	56971001	58134000	3.2636825089700974	-0.104217
chr3	58134001	59201000	3.155331601119499	-0.147412
chr3	59201001	60238000	2.989919010259196	-0.215955
chr3	60238001	60364000	3.1367460364222604	-0.154953
chr3	60364001	60528000	3.3412385616028293	-0.074074
chr3	60528001	65669000	3.4051312401550855	-0.049706
chr3	65669001	65688000	3.396581569809854	-0.052943
chr3	65688001	65826000	3.4627104885485736	-0.028093
chr3	65826001	65834000	3.3271190937645154	-0.079515
chr3	65834001	66177000	3.4779377679723935	-0.022431
chr3	66177001	67387000	3.420102899655877	-0.044055
chr3	67387001	69060000	3.267404321443466	-0.102756
chr3	69060001	69855000	3.3120904212757085	-0.085329
chr3	69855001	72905000	2.9860873186447394	-0.217582
chr3	72905001	73341000	3.06486534274149	-0.184495
chr3	73341001	81452000	2.9784439321291174	-0.220833
chr3	81452001	82102000	2.9525345364261226	-0.231908
chr3	82102001	82772000	3.1857806723505795	-0.135142
chr3	82772001	83943000	3.207008965318041	-0.126649
chr3	83943001	84911000	3.1235261368203067	-0.160341
chr3	84911001	86363000	3.1653137621683185	-0.143378
chr3	86363001	88046000	3.222428906530271	-0.120511
chr3	88046001	89046000	3.231432763099836	-0.116939
chr3	89046001	90684000	3.121283561946676	-0.161257
chr3	90686001	90799000	1.4334609992002674	-1.099168
chr3	90811001	91249000	1.044148535590878	-1.441486
chr3	91278001	91542000	3.0946364537574564	-0.172186
chr3	91542001	97967000	3.986701551214214	0.155001
chr3	97967001	114939000	3.720691291399598	0.064955
chr3	114939001	114949000	-0.4096385500304598	-29.812942
chr3	114949001	122422000	3.728150215949985	0.067558
chr3	122422001	125994000	4.497119034808893	0.313468
chr3	125994001	126003000	1.8069069785842486	-0.832989
chr3	126003001	129357000	4.489649097414313	0.31127
chr3	129357001	129366000	-0.19417705552361858	-4.1958
chr3	129366001	132999000	4.42419567702381	0.291866
chr3	132999001	133006000	-0.3902756254125448	-7.671861
chr3	133006001	139509000	4.467601555661837	0.304763
chr3	139509001	164314000	3.72669634644221	0.067051
chr3	164314001	167126000	3.814839193976006	0.097471
chr3	167126001	167135000	-0.40963855031044005	-29.912805
chr3	167135001	176872000	3.9547634646682903	0.144482
chr3	176872001	177211000	3.2168693641473323	-0.122721
chr3	177211001	179255000	3.1881390238179637	-0.134196
chr3	179255001	180328000	3.2191324033175923	-0.121821
chr3	180328001	180870000	3.1527033742598665	-0.148476
chr3	180870001	182900000	3.191629527286482	-0.132797
chr3	182900001	191271000	3.2278582965726907	-0.118356
chr3	191271001	193943000	3.1732272261293244	-0.140188
chr3	193943001	194839000	3.244557398059561	-0.111748
chr3	194839001	194848000	0.9501195260940574	-1.537952
chr3	194848001	195700000	3.2621016887442646	-0.104838
chr3	195700001	195708000	2.7130311943748304	-0.338522
chr3	195708001	196658000	3.3406172346039495	-0.074313
chr3	196658001	196673000	3.597890553237644	0.021411
chr3	196673001	198175000	3.2742080762793067	-0.100089
chr4	15001	8952000	3.9744380252339866	0.150971
chr4	8952001	9485000	5.920811190064445	0.681006
chr4	9485001	49092000	3.8840305089422675	0.120909
chr4	49092001	49122000	4.287483228562418	0.250475
chr4	49122001	49323000	3.991421319937279	0.156549
chr4	49323001	49600000	6.270698980401411	0.758619
chr4	49602001	49658000	8.343722013012197	1.148535
chr4	49709001	69258000	3.867043629107887	0.11519
chr4	69260001	69392000	5.541377455387605	0.591834
chr4	69392001	69411000	1.7279645366479046	-0.885308
chr4	69411001	175340000	3.928048579895456	0.135624
chr4	175340001	175344000	3.181061139459012	-0.137037
chr4	175344001	190109000	3.971041951340013	0.149853
chr4	190109001	190204000	3.4164439903954715	-0.045434
chr5	13001	47111000	3.926897183638349	0.135241
chr5	47111001	49668000	6.229398477199242	0.749672
chr5	49758001	50041000	1.7097836314509296	-0.897631
chr5	50044001	60884000	3.9191700048741955	0.132668
chr5	60884001	110125000	3.679148699366924	0.050371
chr5	110125001	110139000	-0.40963855003322425	-29.813895
chr5	110139001	112888000	3.669597513100001	0.046997
chr5	112888001	112892000	3.602821414724516	0.023185
chr5	112892001	142923000	3.699377590460318	0.057491
chr5	142923001	150824000	4.065961121930005	0.180779
chr5	150824001	150843000	1.9584417398424627	-0.737584
chr5	150843001	174806000	3.922423770684179	0.133752
chr5	174806001	176049000	3.1591316273031063	-0.145875
chr5	176049001	176226000	5.226831767888161	0.51349
chr5	176229001	177105000	3.2245820559980234	-0.119656
chr5	177105001	177109000	1.9910379304637422	-0.717861
chr5	177109001	177682000	3.3048562266235018	-0.088136
chr5	177685001	177795000	1.0016822871266686	-1.484256
chr5	177831001	179101000	3.2253529669808816	-0.11935
chr5	179101001	181474000	3.2469923216306977	-0.110787
chr6	148001	255000	3.079834034816644	-0.178293
chr6	255001	379000	4.19796311160722	0.222714
chr6	379001	16731000	3.1002178281355106	-0.16989
chr6	16731001	18955000	3.1579667127816258	-0.146346
chr6	18955001	19628000	3.0908395900590704	-0.17375
chr6	19628001	26579000	3.1342764393861415	-0.155958
chr6	26579001	27407000	3.1855015618583598	-0.135254
chr6	27407001	27706000	3.2859982983796994	-0.095479
chr6	27706001	29832000	3.159388899606925	-0.145771
chr6	29832001	29991000	3.4508675628898624	-0.032512
chr6	29991001	30396000	3.167242141275025	-0.1426
chr6	30396001	31311000	3.203110379867694	-0.128205
chr6	31311001	31321000	1.2558148591180984	-1.245387
chr6	31321001	31832000	3.1605740759164984	-0.145292
chr6	31832001	32472000	3.969867000332057	0.149466
chr6	32472001	32534000	4.434160443432128	0.294837
chr6	32534001	35787000	3.928674009346187	0.135832
chr6	35787001	35799000	8.848653022609168	1.229444
chr6	35799001	60619000	3.824046642037218	0.100612
chr6	60619001	78171000	3.464638157605217	-0.027375
chr6	78171001	95939000	3.230574772777057	-0.117279
chr6	95939001	95942000	1.988453432260104	-0.719415
chr6	95942001	106519000	3.1720229537073625	-0.140673
chr6	106519001	109670000	3.569938192084711	0.011313
chr6	109670001	111583000	3.498265369706917	-0.014907
chr6	111583001	113472000	3.0315382041658476	-0.1984
chr6	113472001	119588000	3.474118613650297	-0.023849
chr6	119588001	121353000	3.159022786911315	-0.145919
chr6	121353001	122973000	3.1982905726715023	-0.130131
chr6	122973001	126771000	3.487869485756996	-0.01875
chr6	126771001	127590000	3.8667027401218115	0.115075
chr6	127590001	136803000	3.3027764582781223	-0.088944
chr6	136803001	140867000	3.557044145519544	0.006631
chr6	140867001	145644000	3.240661350128887	-0.113287
chr6	145644001	157313000	3.4583244580650634	-0.029728
chr6	157313001	160175000	3.710626074109088	0.061435
chr6	160175001	162520000	3.4518898916226184	-0.03213
chr6	162520001	166105000	3.7305142025997924	0.068382
chr6	166105001	168243000	3.4732249673894984	-0.024181
chr6	168243001	170612000	3.738580266245273	0.07119
chr7	35001	6823000	3.89330524986602	0.124022
chr7	6823001	33958000	3.745794975734821	0.073697
chr7	33958001	34650000	2.950151299633457	-0.232931
chr7	34650001	34856000	3.711474378517718	0.061732
chr7	34856001	34874000	1.7342872801840248	-0.881047
chr7	34874001	56690000	3.764151400650582	0.080056
chr7	56690001	62686000	3.833494736122028	0.103828
chr7	62686001	62702000	1.7464628014341832	-0.872877
chr7	62702001	76438000	4.092523536852485	0.189316
chr7	76440001	100776000	3.9818072491978067	0.153394
chr7	100776001	101115000	1.9575719426851101	-0.738114
chr7	101115001	101129000	2.038438552320481	-0.689653
chr7	101129001	101522000	1.9988649099916183	-0.713165
chr7	101522001	101647000	1.883600889934084	-0.783915
chr7	101647001	102267000	1.9781184073260563	-0.725646
chr7	102267001	159335000	3.9802551252344283	0.152884
chr8	205001	599000	2.906538415131238	-0.251781
chr8	599001	3981000	2.93240144172568	-0.240573
chr8	3981001	5195000	2.915063363644068	-0.248077
chr8	5195001	6235000	2.6753988878533943	-0.356014
chr8	6235001	6407000	2.781906466592985	-0.307047
chr8	6407001	6496000	2.9536277095985755	-0.231439
chr8	6496001	6858000	2.788722919194279	-0.303969
chr8	6858001	7160000	2.678160778453468	-0.354723
chr8	7179001	7399000	0.5899207006324763	-1.981938
chr8	7405001	7612000	1.7992582176984206	-0.837976
chr8	7766001	8795000	2.7523189950652713	-0.320484
chr8	8795001	12179000	2.706609331713183	-0.341492
chr8	12194001	12486000	1.7173481263254635	-0.892491
chr8	12507001	12612000	2.443621014977313	-0.468691
chr8	12612001	12647000	1.58057880140831	-0.988376
chr8	12647001	12693000	2.759825704120488	-0.317063
chr8	12693001	12801000	2.6055098214314816	-0.389073
chr8	12801001	13818000	2.7005628337054097	-0.344294
chr8	13818001	13840000	1.546592797152224	-1.013225
chr8	13840001	14255000	2.649751383884976	-0.368058
chr8	14255001	14657000	2.8424284873967642	-0.279945
chr8	14657001	14708000	2.7992373525644925	-0.299234
chr8	14708001	14828000	2.862089868349309	-0.271249
chr8	14828001	17443000	2.903083124033505	-0.253285
chr8	17443001	19793000	2.9163887197055605	-0.247502
chr8	19793001	22133000	2.904068341892055	-0.252856
chr8	22133001	23760000	2.9831981583872484	-0.21881
chr8	23760001	24717000	2.8714260458242715	-0.267138
chr8	24717001	38168000	2.1582507258700607	-0.620719
chr8	38168001	38194000	2.3537453422012775	-0.514866
chr8	38194001	42003000	2.170266547375115	-0.613984
chr8	42003001	42698000	3.8692793484162458	0.115944
chr8	42698001	47173000	3.6998675019720406	0.057663
chr8	47173001	48627000	3.8049798060831215	0.0941
chr8	48627001	48639000	3.6562565593824665	0.042271
chr8	48639001	50397000	3.7199670345052778	0.064702
chr8	50397001	51361000	3.727496341590386	0.06733
chr8	51361001	54001000	3.776090706702113	0.084177
chr8	54001001	57205000	3.7831410583588116	0.086605
chr8	57205001	57217000	0.7126541545788536	-1.814853
chr8	57217001	58190000	3.7595713230763135	0.078472
chr8	58190001	58229000	3.744694836462429	0.073315
chr8	58229001	58387000	3.764851577652303	0.080298
chr8	58387001	58403000	3.854315814515833	0.11089
chr8	58403001	58534000	3.7421874927600496	0.072444
chr8	58534001	59467000	3.7434827166836184	0.072894
chr8	59467001	59762000	2.643256505127588	-0.371124
chr8	59762001	60062000	4.703680325449081	0.372958
chr8	60062001	65668000	4.758300294519009	0.388287
chr8	65668001	66488000	4.828938539274765	0.407873
chr8	66488001	67739000	4.878357128515083	0.421419
chr8	67739001	69715000	4.780593343012158	0.394497
chr8	69715001	70683000	4.859631054893694	0.416301
chr8	70683001	72873000	4.725623853583517	0.379136
chr8	72873001	74399000	4.818226852800113	0.40492
chr8	74399001	74418000	2.054796563425543	-0.680045
chr8	74418001	79747000	4.72049718540993	0.377695
chr8	79747001	82343000	4.804912317302	0.401241
chr8	82343001	85340000	4.708921459317598	0.374436
chr8	85340001	86175000	4.807475593025499	0.40195
chr8	86175001	86182000	-0.40963855003185823	-29.813424
chr8	86182001	87655000	4.743823679016813	0.38424
chr8	87655001	89866000	4.712474155034203	0.375437
chr8	89866001	94100000	4.749320510295883	0.385778
chr8	94100001	95101000	4.878342467098215	0.421415
chr8	95101001	95863000	4.752103324720221	0.386556
chr8	95863001	95868000	-0.4096385500588817	-29.82277
chr8	95868001	99131000	4.799688439176815	0.399795
chr8	99131001	106517000	4.7934706921823915	0.398072
chr8	106517001	107933000	4.70958141413134	0.374622
chr8	107933001	119697000	4.732754904554054	0.381138
chr8	119697001	121132000	4.821086718401189	0.405709
chr8	121132001	122306000	4.764418630227088	0.389994
chr8	122306001	131379000	4.789177098768516	0.396881
chr8	131379001	139929000	4.7435414902254704	0.384161
chr8	139929001	143887000	4.849253919595241	0.413457
chr8	143887001	145076000	4.939683261579856	0.438054
chr9	10001	45083000	3.960948271131468	0.146525
chr9	60519001	66783000	3.9788647664677392	0.152427
chr9	66783001	66798000	1.7014425401975417	-0.90332
chr9	66798001	66832000	4.240207649277398	0.235881
chr9	66882001	66888000	-0.3603298210168542	-6.323315
chr9	66896001	69416000	3.9969952097686052	0.158375
chr9	69418001	69440000	8.209824493723785	1.126296
chr9	69440001	74230000	3.9763468135294255	0.151599
chr9	74230001	138219000	4.169772277424927	0.21386
chr10	47001	79000	3.5144211684669124	-0.008955
chr10	79001	792000	3.226497038177069	-0.118896
chr10	792001	2023000	3.2462244235071553	-0.11109
chr10	2023001	2041000	3.193944256441969	-0.13187
chr10	2041001	4399000	3.261437489107066	-0.105099
chr10	4399001	4483000	3.2522046018307456	-0.108732
chr10	4483001	5685000	3.2341695885339647	-0.115855
chr10	5685001	9020000	3.2936500838115452	-0.092495
chr10	9020001	10759000	3.198953352404676	-0.129866
chr10	10759001	12001000	3.2661250806037847	-0.103258
chr10	12001001	14349000	3.3050081365331994	-0.088077
chr10	14349001	14689000	3.2507758761292003	-0.109295
chr10	14689001	18887000	3.266410450343009	-0.103146
chr10	18887001	18918000	3.2429442996943454	-0.112385
chr10	18918001	21053000	3.214512276379583	-0.123659
chr10	21053001	23543000	3.2919332097044975	-0.093164
chr10	23543001	24566000	3.2191525255522477	-0.121813
chr10	24566001	27196000	3.2561002656312787	-0.107198
chr10	27196001	28312000	3.262460559232858	-0.104697
chr10	28312001	28376000	4.846491593969166	0.412699
chr10	28376001	31169000	3.2912251348442925	-0.09344
chr10	31169001	34140000	3.242308878816947	-0.112636
chr10	34140001	34278000	3.159057417585001	-0.145905
chr10	34278001	34704000	3.2313747162012305	-0.116962
chr10	34704001	35214000	3.331454883071724	-0.077842
chr10	35214001	36571000	3.2484576043306097	-0.110209
chr10	36571001	36820000	3.330661469936677	-0.078148
chr10	36820001	38427000	3.223111228646668	-0.12024
chr10	38427001	38837000	3.5104765036817027	-0.010406
chr10	38912001	41839000	3.1447810386600334	-0.151688
chr10	41839001	41885000	3.6046073587199814	0.023827
chr10	41885001	41911000	2.7864978905261393	-0.304973
chr10	41911001	42086000	6.421476063211082	0.790819
chr10	42086001	42530000	3.313081160204945	-0.084945
chr10	42530001	42539000	4.18467715717169	0.218548
chr10	42539001	42995000	3.2150021631226697	-0.123464
chr10	42995001	45219000	3.2353998097915704	-0.115368
chr10	45219001	46108000	3.272962204424987	-0.100577
chr10	46113001	46283000	0.9358097865701552	-1.553215
chr10	46283001	46637000	3.072558869174305	-0.181304
chr10	46638001	46659000	1.102138082752366	-1.385057
chr10	46716001	47484000	3.196400443564906	-0.130887
chr10	47484001	47680000	2.415537941387179	-0.482961
chr10	47680001	49563000	3.205750735983719	-0.127151
chr10	49563001	54592000	3.205079191192528	-0.127419
chr10	54592001	56095000	3.1752070852452126	-0.139391
chr10	56095001	62936000	3.195183384816053	-0.131374
chr10	62936001	63912000	3.2920178798959103	-0.093131
chr10	63912001	67833000	3.1928154216887563	-0.132322
chr10	67833001	68313000	3.3167936147493418	-0.083507
chr10	68313001	69688000	3.363933963165615	-0.065371
chr10	69688001	71802000	3.2357863921439822	-0.115215
chr10	71802001	72108000	3.311406861981349	-0.085594
chr10	72108001	74259000	3.3387824512432713	-0.075019
chr10	74259001	79950000	3.222909791810161	-0.12032
chr10	79950001	80284000	3.332082472771829	-0.0776
chr10	80284001	82368000	3.1907384909883563	-0.133154
chr10	82368001	82371000	1.602393095144811	-0.972649
chr10	82371001	82659000	3.1687225925130837	-0.142003
chr10	82659001	86178000	3.1941590747854374	-0.131784
chr10	86178001	88294000	3.268000773078407	-0.102522
chr10	88294001	91612000	3.198810781958695	-0.129923
chr10	91612001	94635000	3.2759703767296275	-0.099399
chr10	94635001	95222000	3.1339718520949478	-0.156082
chr10	95222001	96718000	3.2509890076329966	-0.109211
chr10	96718001	97763000	3.32958052096468	-0.078565
chr10	97763001	100057000	3.2279742791732957	-0.11831
chr10	100057001	105977000	3.2602849680677446	-0.105552
chr10	105977001	106354000	3.1587779081662424	-0.146018
chr10	106354001	110315000	3.1886253456137275	-0.134001
chr10	110315001	115027000	3.230857382550439	-0.117167
chr10	115027001	116658000	3.1767778390787558	-0.138759
chr10	116658001	118980000	3.2176537245244496	-0.122409
chr10	118980001	119162000	3.397879820375236	-0.052451
chr10	119162001	120119000	3.298730941885262	-0.090517
chr10	120119001	121695000	3.223136409036633	-0.12023
chr10	121695001	122581000	3.269242416408954	-0.102035
chr10	122584001	122594000	6.590861596042618	0.826156
chr10	122597001	124342000	3.216705977084998	-0.122786
chr10	124342001	126157000	3.272477245336483	-0.100767
chr10	126157001	127030000	3.2027447900230497	-0.128351
chr10	127030001	132513000	3.238410170950277	-0.114177
chr10	132513001	133787000	3.2625394645401604	-0.104666
chr11	179001	828000	3.4270455881794644	-0.041442
chr11	828001	1263000	3.290188921671598	-0.093844
chr11	1263001	1393000	3.4404669995094794	-0.036404
chr11	1393001	1580000	3.2505881277046074	-0.109369
chr11	1580001	1753000	3.4143176467323775	-0.046236
chr11	1753001	9221000	3.278377661167504	-0.098457
chr11	9221001	9623000	3.459724228600939	-0.029206
chr11	9623001	12392000	3.274522163760593	-0.099966
chr11	12392001	12544000	2.4462565662514555	-0.467359
chr11	12544001	12611000	2.483370821905516	-0.448731
chr11	12611001	12645000	2.4278665724341155	-0.476679
chr11	12645001	13077000	2.4655428816945775	-0.457649
chr11	13077001	13349000	2.4502184230682973	-0.465359
chr11	13349001	13475000	2.4813522082214114	-0.449738
chr11	13475001	13608000	2.3988404138152353	-0.491513
chr11	13608001	14238000	2.4455341198318044	-0.467724
chr11	14238001	15740000	2.4663899991235834	-0.457224
chr11	15740001	15747000	2.3778038566975406	-0.50236
chr11	15747001	15766000	2.58551506357711	-0.398672
chr11	15766001	15903000	2.9811363133666404	-0.219687
chr11	15903001	17021000	3.22089352118358	-0.121121
chr11	17021001	18920000	3.28384204340545	-0.096321
chr11	18922001	18942000	5.885490694437728	0.672934
chr11	18944001	25681000	3.2052671109331183	-0.127344
chr11	25681001	25699000	1.0500241159071486	-1.435667
chr11	25699001	26425000	3.180080653303135	-0.137431
chr11	26425001	31713000	3.204425306642912	-0.12768
chr11	31713001	32759000	3.268678908250802	-0.102256
chr11	32759001	34795000	3.2902273897463297	-0.093829
chr11	34795001	38997000	3.212985259652643	-0.124267
chr11	38997001	39092000	3.2198367479256804	-0.121541
chr11	39092001	40733000	3.227785179007665	-0.118385
chr11	40733001	42744000	3.2012953150848373	-0.12893
chr11	42744001	46343000	3.258990403704587	-0.106061
chr11	46343001	48255000	3.3847567786061385	-0.057432
chr11	48255001	50015000	3.1810561616957247	-0.137039
chr11	50015001	50083000	3.234457529179008	-0.115741
chr11	50083001	55054000	3.123114728246574	-0.160509
chr11	55054001	55322000	3.2995355787215237	-0.090204
chr11	55322001	56859000	3.196120508665465	-0.130999
chr11	56859001	60997000	3.2489317920819065	-0.110022
chr11	60997001	63032000	3.34440658897849	-0.072856
chr11	63032001	63308000	3.1775933117019366	-0.138431
chr11	63308001	64887000	3.2920563669867997	-0.093116
chr11	64887001	78135000	4.0662124111772915	0.18086
chr11	78135001	94233000	3.9221775516250585	0.13367
chr11	94234001	94240000	0.7489336827191191	-1.768954
chr11	94240001	96275000	3.964275884262483	0.147623
chr11	96275001	102882000	3.8228231044517047	0.100195
chr11	102882001	135076000	3.7391697499925267	0.071395
chr12	12001	27253000	3.8770066067675164	0.118547
chr12	27253001	33229000	3.646618266333561	0.038847
chr12	33229001	33246000	2.9396461086419934	-0.237449
chr12	33246001	34971000	3.9413523441911598	0.140042
chr12	35780001	36319000	-0.3835775588159092	-7.243266
chr12	37252001	43435000	4.134128893842411	0.202587
chr12	43435001	45236000	4.314479438802026	0.258743
chr12	45236001	52316000	3.7906079490545586	0.089172
chr12	52316001	53045000	4.266967805335056	0.24416
chr12	53045001	54380000	3.863979568482667	0.114156
chr12	54380001	55605000	4.498683792642078	0.313928
chr12	55605001	57014000	4.751842148509399	0.386483
chr12	57014001	57958000	4.5469448229730975	0.328044
chr12	57958001	58090000	4.328157178567591	0.262914
chr12	58090001	61445000	4.508808931894216	0.316901
chr12	61445001	63876000	4.6602287905346085	0.360646
chr12	63876001	66647000	4.7055733226545975	0.373492
chr12	66647001	67614000	4.592673293572529	0.341293
chr12	67614001	70888000	4.401428806386158	0.285055
chr12	70888001	95556000	3.5988462329511424	0.021755
chr12	95556001	99532000	2.905534079609074	-0.252218
chr12	99532001	99764000	2.8225827922445546	-0.288776
chr12	99764001	103886000	2.8866373391395026	-0.260465
chr12	103886001	104588000	2.9481723781215448	-0.233781
chr12	104588001	108066000	2.8879627920727597	-0.259885
chr12	108066001	111606000	2.9585829069688283	-0.229315
chr12	111606001	111818000	3.079289865682029	-0.178518
chr12	111818001	113431000	2.957791545730312	-0.229654
chr12	113431001	118907000	2.90691540674782	-0.251617
chr12	118907001	121112000	2.982605572872362	-0.219062
chr12	121112001	123964000	3.0504189119744205	-0.190506
chr12	123964001	128795000	2.8941423129157022	-0.257184
chr12	128795001	128841000	3.0603237710573334	-0.186382
chr12	128841001	131701000	2.906839545234549	-0.25165
chr12	131702001	133264000	2.978310073703561	-0.22089
chr13	16000001	16023000	2.3040910896529057	-0.541025
chr13	16048001	16165000	6.855211388744392	0.879631
chr13	16229001	16630000	3.0446030605864243	-0.192933
chr13	16690001	17707000	6.121203415431241	0.725967
chr13	17752001	18172000	0.5518589374347924	-2.037947
chr13	18172001	18289000	3.1401522317245227	-0.153568
chr13	18289001	18297000	0.8940868170519523	-1.598662
chr13	18297001	18610000	3.700736384037519	0.057968
chr13	18610001	19091000	2.959014849206419	-0.22913
chr13	19091001	19156000	2.9650257552095094	-0.226558
chr13	19156001	19383000	2.9940475606050776	-0.214204
chr13	19383001	19395000	2.911320646759939	-0.249702
chr13	19395001	19596000	2.9285651622969064	-0.24223
chr13	19596001	21976000	3.02682819232828	-0.200376
chr13	21976001	23027000	2.9566363522032733	-0.230149
chr13	23027001	32911000	2.982180009842517	-0.219243
chr13	32911001	40427000	2.9421519950600974	-0.23637
chr13	40427001	43470000	2.9765422297771593	-0.221643
chr13	43470001	43617000	2.923968363574265	-0.244218
chr13	43617001	44113000	0.8307593547370611	-1.670499
chr13	44113001	44178000	0.828234180336408	-1.673439
chr13	44178001	44245000	0.7969978372456326	-1.710311
chr13	44245001	44262000	0.8280051080594077	-1.673706
chr13	44262001	44274000	0.793268354755761	-1.714777
chr13	44274001	44284000	0.8804865746283008	-1.613791
chr13	44284001	44302000	0.8141327699817383	-1.689968
chr13	44302001	44323000	0.8082743774638019	-1.696891
chr13	44323001	44382000	0.8226003574925144	-1.68002
chr13	44382001	44751000	0.8805348648482093	-1.613737
chr13	44751001	44759000	0.8518656365300237	-1.646157
chr13	44759001	44905000	0.8251842222332497	-1.676998
chr13	44905001	45325000	0.8552795647375482	-1.642258
chr13	45325001	45585000	0.8636575878627047	-1.632734
chr13	45585001	45712000	0.8182979816261398	-1.685066
chr13	45712001	45730000	0.8611781854402356	-1.635546
chr13	45730001	45741000	0.8689295409247242	-1.626773
chr13	45741001	45751000	0.7513711243057783	-1.765922
chr13	45751001	45807000	0.805765491234713	-1.699866
chr13	45807001	45842000	0.858764273636952	-1.638289
chr13	45842001	46100000	0.8316934255058134	-1.669413
chr13	46100001	46197000	0.8820945369800333	-1.611994
chr13	46197001	46222000	0.8126848100451284	-1.691676
chr13	46222001	46270000	0.8091366034938783	-1.69587
chr13	46270001	46566000	0.8706171605762306	-1.62487
chr13	46566001	46717000	0.8441290856767163	-1.655032
chr13	46717001	46903000	0.8398242890769291	-1.659994
chr13	46903001	46953000	0.8247127037079055	-1.677549
chr13	46953001	47027000	0.8268440980437618	-1.67506
chr13	47027001	47044000	0.8504717263279181	-1.647752
chr13	47044001	47111000	0.8083587996810954	-1.696791
chr13	47111001	47129000	0.7751856342400103	-1.736629
chr13	47129001	47178000	0.8429051983092771	-1.656441
chr13	47178001	47186000	0.8055725846050187	-1.700095
chr13	47186001	47249000	0.8280934717428453	-1.673603
chr13	47249001	47671000	0.82261744006947	-1.68
chr13	47671001	47689000	0.7221841624660983	-1.802654
chr13	47689001	47817000	0.8134967450858723	-1.690718
chr13	47817001	48179000	0.8511846565091883	-1.646936
chr13	48179001	48198000	0.8484809795494699	-1.650033
chr13	48198001	50189000	0.8515666244117889	-1.646499
chr13	50189001	50203000	0.7985025798647933	-1.708513
chr13	50203001	50220000	0.8349932343256574	-1.665583
chr13	50220001	50234000	0.7439302047029037	-1.775198
chr13	50234001	50299000	0.8557750393038136	-1.641693
chr13	50299001	50611000	0.8244115737882375	-1.677901
chr13	50611001	51646000	0.8366248304255218	-1.663693
chr13	51646001	54461000	2.9345194169610345	-0.239659
chr13	54461001	56288000	2.900939163860087	-0.254219
chr13	56288001	57179000	2.89768914533326	-0.255636
chr13	57179001	57211000	-0.40963854996259386	-29.789742
chr13	57211001	57213000	-0.40963854986348486	-29.756518
chr13	57214001	64285000	2.910093953474059	-0.250235
chr13	64285001	64610000	2.8917272393142257	-0.258239
chr13	64610001	67909000	2.9128149247030746	-0.249053
chr13	67909001	68986000	2.882198670674912	-0.262409
chr13	68986001	70381000	2.9014578106625213	-0.253993
chr13	70381001	70396000	2.7931754045277373	-0.301962
chr13	70396001	71902000	2.9215314870413946	-0.245273
chr13	71902001	72739000	2.920252551533367	-0.245827
chr13	72739001	73015000	2.989318182955687	-0.21621
chr13	73015001	73232000	3.051411962689967	-0.190092
chr13	73232001	83252000	2.9266822062229885	-0.243044
chr13	83252001	83729000	2.904091310837582	-0.252846
chr13	83729001	90983000	2.9193894322822547	-0.246201
chr13	90983001	95313000	2.9335784439408603	-0.240065
chr13	95313001	95367000	3.0363311047378727	-0.196392
chr13	95367001	95373000	2.8894854350676242	-0.259219
chr13	95373001	98392000	2.9446179062038054	-0.235309
chr13	98392001	98578000	2.9863886104505593	-0.217454
chr13	98578001	100953000	2.993349292631429	-0.2145
chr13	100953001	102067000	2.906701619656009	-0.25171
chr13	102067001	103345000	2.93267480292568	-0.240455
chr13	103345001	104189000	2.902474685937204	-0.25355
chr13	104189001	104208000	2.8495707387907636	-0.27678
chr13	104208001	105871000	2.9323597445249923	-0.240591
chr13	105871001	110560000	2.9398991668486163	-0.23734
chr13	110560001	111473000	2.973996560146596	-0.222728
chr13	111473001	112040000	2.935632239035799	-0.239179
chr13	112040001	112280000	3.028877303435256	-0.199516
chr13	112285001	112311000	0.5971592666305775	-1.971528
chr13	112311001	114354000	3.005641770110256	-0.209298
chr14	16092001	18675000	3.4480990007088304	-0.033547
chr14	18675001	18695000	5.14851232934934	0.493303
chr14	18695001	19858000	2.596653142606594	-0.393317
chr14	19858001	19986000	2.4219585379163098	-0.479686
chr14	19986001	20225000	3.1493196717100473	-0.149847
chr14	20225001	20890000	3.2759576034045663	-0.099404
chr14	20890001	20954000	1.074391180731998	-1.411782
chr14	20954001	21942000	3.3215027517048883	-0.081685
chr14	21942001	22144000	3.622074601275991	0.030091
chr14	22144001	22268000	3.7987910905017697	0.09198
chr14	22268001	24461000	3.342455516809969	-0.073606
chr14	24461001	25602000	3.1665232151509892	-0.14289
chr14	25602001	30890000	3.1676834847499196	-0.142422
chr14	30890001	32491000	3.2401882343105863	-0.113474
chr14	32491001	34465000	3.1916794518088745	-0.132777
chr14	34465001	35913000	3.31473039633741	-0.084306
chr14	35913001	36445000	3.179573095624293	-0.137635
chr14	36445001	40535000	3.1760495401146334	-0.139052
chr14	40535001	44936000	3.161494776621591	-0.14492
chr14	44936001	45351000	3.2534028264632946	-0.10826
chr14	45351001	45547000	1.6967476812412134	-0.906532
chr14	45547001	46361000	3.104826230356478	-0.167997
chr14	46361001	49206000	3.1549757878195037	-0.147556
chr14	49206001	51125000	3.271183482850667	-0.101274
chr14	51125001	52613000	3.1871291808677578	-0.134601
chr14	52613001	52912000	3.3004226810256414	-0.089859
chr14	52912001	54888000	3.193632043309627	-0.131995
chr14	54888001	55792000	3.2865106579458883	-0.095279
chr14	55792001	56692000	3.173927628414578	-0.139906
chr14	56692001	57680000	3.1974153897704554	-0.130481
chr14	57680001	57987000	3.1599752528995775	-0.145534
chr14	57987001	59338000	3.2057482299876945	-0.127152
chr14	59338001	60628000	3.173999663363652	-0.139877
chr14	60628001	61870000	3.237247184411261	-0.114637
chr14	61870001	63562000	3.151192527652161	-0.149088
chr14	63562001	65265000	3.2873715819316915	-0.094943
chr14	65265001	73292000	2.463307690351417	-0.458771
chr14	73292001	73620000	1.1581163134784291	-1.332602
chr14	73620001	73763000	1.1737463465870877	-1.31829
chr14	73763001	73820000	1.185819853223796	-1.307331
chr14	73820001	73935000	1.1811069001121544	-1.311599
chr14	73935001	74214000	1.1637609116877503	-1.327417
chr14	74214001	74513000	1.1518824755725694	-1.33835
chr14	74513001	74551000	3.2279667149779225	-0.118313
chr14	74551001	74737000	3.3418495901924783	-0.073839
chr14	74737001	76383000	2.48207770455687	-0.449376
chr14	76383001	76754000	3.2539995463609475	-0.108025
chr14	76754001	77789000	3.323789679669467	-0.080801
chr14	77789001	81394000	3.191879156819596	-0.132697
chr14	81394001	81695000	3.2466603062817674	-0.110918
chr14	81695001	82529000	3.182950698939833	-0.136278
chr14	82529001	82532000	0.06893314818208676	-3.044495
chr14	82532001	84045000	3.207715971480967	-0.126367
chr14	84045001	84112000	3.265513648614707	-0.103498
chr14	84112001	88483000	3.1873311267794144	-0.13452
chr14	88483001	88644000	3.2714947608848237	-0.101152
chr14	88644001	88994000	3.1721644657616994	-0.140616
chr14	88994001	90248000	3.262643825776525	-0.104625
chr14	90248001	91225000	3.3010939341670498	-0.089598
chr14	91225001	93773000	3.28885560898193	-0.094364
chr14	93773001	96167000	2.437441380862359	-0.471819
chr14	96167001	96382000	3.2048837650252078	-0.127497
chr14	96382001	98712000	2.4590811227578024	-0.460895
chr14	98712001	98727000	1.022226962931873	-1.463406
chr14	98727001	104660000	2.5096503628600675	-0.435685
chr14	104660001	104875000	3.2566593054909374	-0.106978
chr14	104875001	105357000	2.52898997284338	-0.426159
chr14	105357001	106258000	3.2429772129502243	-0.112372
chr14	106258001	106332000	2.943090733296381	-0.235966
chr14	106332001	106339000	1.989214854775052	-0.718957
chr14	106339001	106343000	0.47203286540676875	-2.162989
chr14	106343001	106349000	-0.4096385496795996	-29.696831
chr14	106349001	106351000	-0.40963854990379245	-29.769938
chr14	106351001	106358000	-0.4096385499517165	-29.786058
chr14	106358001	106367000	0.8417128632675517	-1.657815
chr14	106367001	106412000	3.1277066074191526	-0.158635
chr14	106412001	106420000	6.912098682553995	0.890884
chr14	106421001	106883000	3.245185610167143	-0.1115
chr15	17000001	17026000	2.186760253852091	-0.60479
chr15	17026001	17459000	3.9449517735635045	0.141235
chr15	17503001	19641000	0.04527300505445508	-3.117644
chr15	19784001	20061000	2.9358942697446215	-0.239066
chr15	20062001	20646000	4.6768392829889915	0.365365
chr15	20646001	20680000	3.7402684261265438	0.071777
chr15	20731001	22573000	4.290244955758041	0.251323
chr15	22584001	22607000	1.5059370919656092	-1.043524
chr15	22612001	23091000	3.063892508557608	-0.184899
chr15	23091001	23482000	3.144559309343463	-0.151778
chr15	23482001	23809000	2.9025779977363624	-0.253505
chr15	23809001	23817000	0.7577752226855362	-1.757986
chr15	23817001	25804000	2.9042222368672155	-0.252789
chr15	25804001	26371000	2.962037659187825	-0.227836
chr15	26371001	26399000	3.022933486263303	-0.202012
chr15	26399001	26830000	2.9304862240392255	-0.2414
chr15	26830001	27456000	2.910344778841093	-0.250126
chr15	27456001	27988000	2.9347419517571534	-0.239563
chr15	27988001	28493000	2.9877353348939533	-0.216882
chr15	28493001	28685000	1.8219777532546673	-0.823213
chr15	28690001	30051000	2.955054730231867	-0.230827
chr15	30051001	30480000	2.717768479427373	-0.336335
chr15	30484001	30493000	0.9563714021741732	-1.531334
chr15	30603001	31021000	2.981336095265256	-0.219602
chr15	31021001	31035000	3.083345360233784	-0.176842
chr15	31035001	33421000	2.962353178111162	-0.227701
chr15	33421001	33962000	2.9156026621950115	-0.247843
chr15	33962001	34438000	3.0154730528842975	-0.205151
chr15	34438001	34675000	3.195808106983405	-0.131124
chr15	34675001	34816000	2.944964348111425	-0.23516
chr15	34816001	35435000	2.9669982256537266	-0.225715
chr15	35435001	37674000	2.9204625956791803	-0.245736
chr15	37674001	37786000	2.9457596722479416	-0.234818
chr15	37786001	38729000	2.9161512692599283	-0.247605
chr15	38729001	39298000	2.892935699940842	-0.257711
chr15	39298001	39589000	2.9047046405613854	-0.252579
chr15	39589001	39618000	2.9969554047104436	-0.212972
chr15	39618001	40254000	2.950868655494901	-0.232623
chr15	40254001	40592000	3.0263518299006793	-0.200576
chr15	40592001	41791000	3.094568443023872	-0.172214
chr15	41791001	42480000	2.971487958396427	-0.223798
chr15	42480001	44809000	3.017914504049749	-0.204123
chr15	44809001	44884000	5.080870818342617	0.475638
chr15	44884001	44911000	3.006645649397597	-0.208874
chr15	44911001	45003000	5.265033418075098	0.523235
chr15	45003001	45026000	2.9383323706354885	-0.238015
chr15	45026001	45032000	7.177279729461567	0.942212
chr15	45032001	45962000	2.9767159212347734	-0.221569
chr15	45962001	45967000	2.520224025383532	-0.430469
chr15	45967001	50405000	2.9337337094223948	-0.239998
chr15	50405001	51119000	3.041116329587064	-0.19439
chr15	51119001	51535000	2.9281556330499083	-0.242407
chr15	51535001	53548000	2.962327468056993	-0.227712
chr15	53548001	54718000	2.896634779592979	-0.256096
chr15	54718001	55002000	2.88586744999924	-0.260802
chr15	55002001	55252000	2.8997185991489443	-0.254751
chr15	55252001	55393000	2.9779014859586095	-0.221064
chr15	55393001	56039000	3.0231047985275725	-0.20194
chr15	56039001	56599000	2.9352682127356635	-0.239336
chr15	56599001	58457000	2.9521966336913317	-0.232053
chr15	58457001	60168000	3.0216750791232427	-0.202541
chr15	60168001	62652000	2.9494713504178662	-0.233223
chr15	62652001	64157000	2.986642846205135	-0.217346
chr15	64157001	65901000	3.067775838919049	-0.183287
chr15	65901001	66305000	2.9777512132068056	-0.221128
chr15	66305001	76585000	3.729317695945917	0.067965
chr15	76585001	82482000	3.701058344358571	0.058081
chr15	82482001	82493000	0.2768078550594116	-2.524083
chr15	82497001	101891000	3.7221659617320055	0.06547
chr15	101895001	101903000	-0.4096385503740251	-29.936481
chr15	101903001	101981000	2.0557140462958157	-0.679508
chr16	10001	3027000	4.321908586279266	0.26101
chr16	3027001	3107000	3.5154848134100716	-0.008564
chr16	3107001	5088000	3.527334938482893	-0.004215
chr16	5088001	8656000	3.3496170152604914	-0.070855
chr16	8656001	10031000	3.3943634306914054	-0.053784
chr16	10031001	10202000	3.271433523781895	-0.101176
chr16	10202001	11268000	3.425120675177341	-0.042166
chr16	11268001	12085000	3.4915939955844695	-0.017372
chr16	12085001	12797000	3.3858984026138135	-0.056998
chr16	12797001	12901000	3.5080046161555427	-0.011316
chr16	12901001	14183000	3.3560899722577116	-0.068373
chr16	14183001	16201000	3.503919914585186	-0.012821
chr16	16201001	16616000	3.9230093478310453	0.133947
chr16	16618001	16620000	0.3753388323899515	-2.330579
chr16	16622001	16740000	4.257796665037271	0.241328
chr16	16740001	16968000	3.3190647336199572	-0.082628
chr16	16968001	18160000	3.3539423868886105	-0.069196
chr16	18160001	18164000	1.1624374833374598	-1.328631
chr16	18164001	18166000	-0.4096385496448281	-29.685817
chr16	18167001	18176000	1.928450691296408	-0.755972
chr16	18195001	18202000	0.9043903395628983	-1.587305
chr16	18204001	18948000	3.4425384598524857	-0.035628
chr16	18948001	19914000	3.4454820623933267	-0.034526
chr16	19914001	20942000	3.359027597099681	-0.067248
chr16	20942001	24496000	3.4648073442699436	-0.027312
chr16	24496001	24750000	3.536801948345865	-0.00075
chr16	24750001	26218000	3.3777882280748437	-0.060084
chr16	26218001	26659000	3.31695892823698	-0.083443
chr16	26659001	26900000	3.4062366746048416	-0.049288
chr16	26900001	27349000	3.3824325049756623	-0.058316
chr16	27349001	28598000	3.4626138618725943	-0.028129
chr16	28601001	28611000	7.3338517769764975	0.971682
chr16	28611001	29152000	3.4730150441839545	-0.024259
chr16	29152001	29302000	3.1473762995875627	-0.150635
chr16	29302001	29895000	3.3110664189137338	-0.085726
chr16	29895001	31647000	3.494456012672387	-0.016314
chr16	31647001	32288000	3.3575806937896955	-0.067802
chr16	32382001	32384000	0.579322078988704	-1.997317
chr16	32384001	32402000	-0.3160731502292285	-5.399183
chr16	32402001	32405000	-0.3269172926118917	-5.5769
chr16	32405001	32406000	-0.3866147506464667	-7.422032
chr16	32406001	32424000	0.5766105562281217	-2.001278
chr16	32428001	32449000	-0.3536208760012283	-6.139276
chr16	32449001	32462000	-0.2634934911846957	-4.755829
chr16	32462001	32463000	-0.40188359989441474	-8.991968
chr16	32463001	32519000	-0.4096385504143555	-29.951702
chr16	32605001	32646000	1.072340440172	-1.413777
chr16	32806001	36337000	3.2612568272359566	-0.10517
chr16	36337001	38280000	1.8039452583343614	-0.834918
chr16	46380001	46402000	4.081869743037006	0.185898
chr16	46402001	49799000	3.3596571996017426	-0.067007
chr16	49799001	52092000	3.370536379365852	-0.062849
chr16	52092001	52217000	3.2770894918161826	-0.098961
chr16	52217001	58358000	3.3658229287057986	-0.064649
chr16	58358001	58921000	3.4262186080246586	-0.041753
chr16	58921001	60208000	3.3089805958924368	-0.086535
chr16	60208001	68277000	3.3264819778197974	-0.079761
chr16	68277001	68883000	3.467413214617089	-0.026342
chr16	68883001	69447000	3.360608333912643	-0.066643
chr16	69447001	69917000	3.2568880281873045	-0.106888
chr16	69917001	70408000	3.4083532319098793	-0.048488
chr16	70408001	70639000	3.4977696994210836	-0.01509
chr16	70639001	72061000	3.329780097135834	-0.078488
chr16	72061001	72077000	5.2677087488780625	0.523915
chr16	72077001	72115000	1.796624781861522	-0.839697
chr16	72115001	72149000	1.8648717949351883	-0.795746
chr16	72149001	72152000	2.0245096316463727	-0.697885
chr16	72152001	72272000	1.7696692842942394	-0.857432
chr16	72272001	72993000	1.81108375037087	-0.830273
chr16	72993001	73003000	1.7287529323326936	-0.884776
chr16	73003001	73014000	1.627103103381926	-0.955039
chr16	73014001	73034000	1.717116671492774	-0.892648
chr16	73034001	73069000	1.7033456743987219	-0.90202
chr16	73069001	73096000	1.6597492023032172	-0.932098
chr16	73096001	73350000	1.6355813888134523	-0.949046
chr16	73350001	73379000	1.62651730651892	-0.955454
chr16	73379001	73471000	1.6384214710724527	-0.947044
chr16	73471001	73509000	1.666300369871835	-0.927538
chr16	73509001	73807000	1.6677901980194307	-0.926503
chr16	73807001	73813000	1.5831919345632692	-0.986483
chr16	73813001	73874000	1.6027445736252017	-0.972397
chr16	73874001	73879000	1.6633354130780564	-0.9296
chr16	73879001	74023000	1.639287614460437	-0.946434
chr16	74023001	74039000	1.683894938844844	-0.915362
chr16	74039001	74137000	1.6098248451913504	-0.96733
chr16	74137001	74145000	1.6935161835373256	-0.908747
chr16	74145001	74237000	1.6659766355942298	-0.927763
chr16	74237001	75149000	3.0639141776395618	-0.18489
chr16	75149001	76093000	2.9999129991444513	-0.21172
chr16	76093001	78001000	2.9118892680708326	-0.249455
chr16	78001001	81014000	2.932137368240742	-0.240687
chr16	81014001	82051000	2.9908711266355956	-0.215551
chr16	82051001	83747000	2.9132755464824966	-0.248853
chr16	83747001	88840000	2.9986961060162436	-0.212235
chr16	88840001	90225000	3.076050793365413	-0.179858
chr17	139001	960000	3.1372917913698077	-0.154731
chr17	960001	6448000	3.166424064267612	-0.14293
chr17	6448001	15296000	2.3064998560437164	-0.539745
chr17	15296001	15633000	3.0908323110269698	-0.173753
chr17	15633001	15644000	1.2326492765414445	-1.265595
chr17	15644001	20707000	3.1243148038420503	-0.160019
chr17	20707001	20711000	-0.40963854928416654	-29.576277
chr17	20711001	21884000	3.114828205510682	-0.163897
chr17	21884001	21986000	5.858173843186141	0.66666
chr17	21987001	23191000	3.004650018816054	-0.209717
chr17	24421001	25391000	0.37537311174473315	-2.330516
chr17	25920001	26685000	2.8004653587324078	-0.298682
chr17	26685001	27829000	3.067703528871407	-0.183317
chr17	27832001	33300000	3.132547517157477	-0.156662
chr17	33300001	36111000	3.052386100820894	-0.189686
chr17	36111001	36137000	3.4300492109811493	-0.040313
chr17	36137001	44594000	3.15719525903663	-0.146658
chr17	44594001	45585000	3.1837601028660827	-0.135953
chr17	45585001	46135000	3.0633748984509226	-0.185114
chr17	46135001	46708000	2.4636263279544024	-0.458611
chr17	46708001	51550000	3.13755732414358	-0.154623
chr17	51550001	56042000	2.9998704596309964	-0.211738
chr17	56042001	58576000	3.0799525540155877	-0.178244
chr17	58576001	60953000	3.1465504413114602	-0.15097
chr17	60953001	65931000	3.106924287962341	-0.167136
chr17	65931001	65987000	2.9416107135592555	-0.236603
chr17	65987001	69225000	3.1043877702654217	-0.168177
chr17	69225001	74070000	3.0483138196714843	-0.191384
chr17	74070001	74608000	3.0997921057215296	-0.170065
chr17	74608001	78807000	3.171945993358357	-0.140704
chr17	78807001	82213000	3.143591253386269	-0.152171
chr17	82213001	83235000	3.175390967059019	-0.139317
chr18	46001	7290000	3.9390548526566964	0.13928
chr18	7290001	8467000	3.17952333893047	-0.137655
chr18	8467001	15411000	3.9568301469612974	0.145165
chr18	15488001	15723000	1.4308847272030663	-1.101186
chr18	15781001	22349000	4.047540749610218	0.174829
chr18	22349001	26163000	3.6692073352463077	0.046859
chr18	26163001	26172000	3.4151871307108537	-0.045908
chr18	26172001	28692000	3.6278243344728294	0.032147
chr18	28692001	28699000	2.4154811523273936	-0.48299
chr18	28699001	43742000	3.6184488799131493	0.028793
chr18	43742001	46962000	3.873864149152726	0.117489
chr18	46965001	46966000	-0.2424773457130602	-4.56199
chr18	47025001	66552000	3.89871904080493	0.125836
chr18	66552001	66554000	1.998731357903656	-0.713245
chr18	66554001	78044000	3.7006879497112926	0.057951
chr18	78044001	80263000	2.930648291836077	-0.24133
chr19	89001	528000	3.0444234929162497	-0.193008
chr19	528001	564000	3.182856072847799	-0.136316
chr19	566001	569000	-0.4019094067954673	-8.996777
chr19	569001	729000	3.1077482579992957	-0.166798
chr19	729001	1333000	3.1063832055664404	-0.167358
chr19	1333001	2089000	2.8812906683060127	-0.262807
chr19	2089001	2397000	3.111382854022385	-0.165308
chr19	2397001	2482000	2.6067494115384426	-0.38848
chr19	2482001	2823000	2.2895167685072453	-0.548794
chr19	2823001	3469000	2.3305762673785697	-0.527013
chr19	3469001	3503000	2.360167574394271	-0.511517
chr19	3503001	3542000	2.2476667627545375	-0.571338
chr19	3542001	3590000	2.399556886844097	-0.491145
chr19	3590001	3599000	2.4895778007185796	-0.445639
chr19	3599001	4156000	2.3364611343863393	-0.523918
chr19	4156001	4229000	2.3696584218508905	-0.506582
chr19	4229001	4281000	2.439174593298261	-0.470941
chr19	4281001	4351000	2.3565873879684527	-0.513383
chr19	4351001	4954000	2.343675156472417	-0.520133
chr19	4954001	4971000	2.348517334286578	-0.517598
chr19	4971001	5266000	2.268797770784207	-0.559911
chr19	5266001	5288000	2.2974892496542143	-0.544539
chr19	5288001	5378000	2.2563304350352356	-0.566642
chr19	5378001	5391000	2.3936825359748557	-0.494165
chr19	5391001	6205000	2.310903253342052	-0.537408
chr19	6205001	6223000	2.277904746358464	-0.555014
chr19	6223001	6330000	2.3093423120056595	-0.538236
chr19	6330001	6487000	2.2998827656043876	-0.543264
chr19	6487001	6669000	2.36854707561001	-0.507159
chr19	6669001	6685000	2.2772658602788214	-0.555357
chr19	6685001	7016000	2.2837642403850085	-0.551872
chr19	7016001	7080000	2.1810722851957487	-0.607954
chr19	7080001	7374000	2.3416243351264185	-0.521208
chr19	7374001	8178000	3.136994319927556	-0.154852
chr19	8178001	8181000	-0.4096385497972123	-29.734721
chr19	8181001	8518000	3.192268613443531	-0.132541
chr19	8518001	8862000	3.077478998461996	-0.179267
chr19	8862001	8993000	2.9879119554947575	-0.216807
chr19	8993001	10572000	3.1042343221571818	-0.16824
chr19	10572001	11658000	3.1641864644483224	-0.143833
chr19	11658001	11927000	3.0718999981510353	-0.181577
chr19	11927001	11935000	0.806211231056918	-1.699337
chr19	11935001	12886000	3.132491046712983	-0.156685
chr19	12886001	14536000	3.145010173485776	-0.151595
chr19	14536001	14577000	3.17317010715841	-0.140211
chr19	14577001	15167000	3.0468472463557865	-0.191996
chr19	15167001	17009000	3.0926525402516662	-0.173003
chr19	17009001	17258000	2.8668488804224634	-0.269152
chr19	17258001	17273000	3.3427780240944514	-0.073482
chr19	17273001	20683000	3.1196759542226817	-0.161914
chr19	20683001	20748000	2.945736414480343	-0.234828
chr19	20748001	21894000	3.0423507609352503	-0.193874
chr19	21894001	22071000	2.9159852945491513	-0.247677
chr19	22071001	23182000	2.9832357863591246	-0.218794
chr19	23182001	23505000	3.0454267972451667	-0.192589
chr19	23505001	23518000	3.0075053371053504	-0.208511
chr19	23518001	24332000	2.9583120957639903	-0.229431
chr19	24332001	27346000	3.417698610182514	-0.044961
chr19	27346001	27380000	3.4606013543959033	-0.028879
chr19	27380001	28564000	3.705117776225735	0.059505
chr19	28564001	37530000	3.8257226114113596	0.101183
chr19	37530001	37542000	1.90785608074084	-0.768736
chr19	37542001	42813000	3.8899720245321427	0.122904
chr19	42813001	42972000	3.774950640700786	0.083784
chr19	42972001	43323000	3.979780467478898	0.152728
chr19	43323001	43329000	9.259705332709103	1.292116
chr19	43329001	45307000	3.8741610692252486	0.117589
chr19	45307001	54230000	4.1525339510390555	0.208419
chr19	54230001	54267000	6.001448500963399	0.699267
chr19	54267001	58591000	4.128752731567674	0.200879
chr20	60001	28524000	3.9591370294976946	0.145927
chr20	28531001	28549000	0.17219120706091873	-2.762633
chr20	28557001	30145000	4.026154312013348	0.16789
chr20	30145001	30150000	0.9283873055988567	-1.561196
chr20	30150001	64334000	4.029414646367108	0.16895
chr21	5103001	5255000	2.768724655235776	-0.313018
chr21	5289001	6377000	4.565163074364421	0.333337
chr21	6565001	7263000	2.79346180010075	-0.301833
chr21	7263001	7324000	1.000827552880133	-1.48513
chr21	7324001	9303000	3.46542238660813	-0.027083
chr21	9314001	10035000	2.8863083437335932	-0.260609
chr21	10046001	10274000	2.2267152553843514	-0.582758
chr21	10324001	10360000	3.1664785969132754	-0.142908
chr21	10360001	10398000	4.30266670568123	0.255131
chr21	10398001	10476000	3.8009094098422254	0.092706
chr21	10476001	10567000	3.2588403756830533	-0.10612
chr21	10567001	10659000	2.4464327521387768	-0.46727
chr21	10659001	10806000	2.7871803044009185	-0.304665
chr21	10806001	13037000	3.126025003285088	-0.159321
chr21	13037001	13197000	2.261841043042823	-0.563663
chr21	13201001	13469000	3.1982905726715023	-0.130131
chr21	13469001	13487000	1.4240263288898165	-1.106572
chr21	13488001	13853000	3.052962074958628	-0.189446
chr21	13853001	13863000	7.232603742664951	0.952694
chr21	13863001	13871000	3.3759037717090274	-0.060802
chr21	13871001	13891000	0.7848532863843127	-1.724905
chr21	13891001	14098000	3.2354250753597835	-0.115358
chr21	14098001	15239000	3.167333876727828	-0.142563
chr21	15239001	17020000	3.1557863031332194	-0.147228
chr21	17020001	17533000	2.9488799996556834	-0.233477
chr21	17533001	19685000	3.172231499738912	-0.140589
chr21	19685001	22832000	3.152728066618083	-0.148466
chr21	22832001	23454000	2.9093484926990203	-0.250559
chr21	23454001	24073000	2.9385110644228494	-0.237938
chr21	24073001	24126000	2.891814197090324	-0.258201
chr21	24126001	25694000	2.917594676303142	-0.246979
chr21	25694001	25853000	2.99938601928032	-0.211943
chr21	25853001	25865000	3.0021021369117973	-0.210794
chr21	25865001	25870000	3.004709184441134	-0.209692
chr21	25870001	25884000	2.9535088185350773	-0.23149
chr21	25884001	28907000	2.932026185647516	-0.240735
chr21	28907001	31091000	2.9400036459962835	-0.237295
chr21	31091001	31502000	3.0030458379413636	-0.210395
chr21	31502001	33293000	2.991906030657229	-0.215112
chr21	33293001	35324000	2.9951259111230084	-0.213747
chr21	35324001	35658000	2.9157040785307746	-0.247799
chr21	35658001	35668000	2.849213818681872	-0.276938
chr21	35668001	35993000	2.9482910805358387	-0.23373
chr21	35993001	36276000	3.0526140791266045	-0.189591
chr21	36276001	36286000	3.1319583046589403	-0.156902
chr21	36286001	36519000	3.0912787863358906	-0.173569
chr21	36519001	36731000	3.4988830141009197	-0.014679
chr21	36731001	36982000	2.982732546769094	-0.219008
chr21	36982001	37119000	3.2580369401949176	-0.106436
chr21	37119001	38518000	3.7187277906876033	0.064269
chr21	38518001	38523000	1.597463533885769	-0.976188
chr21	38523001	38544000	1.5718216590359102	-0.994738
chr21	38544001	38552000	1.5387778016886333	-1.019
chr21	38552001	38568000	1.5968139406173572	-0.976655
chr21	38568001	38577000	1.5725139955157659	-0.994234
chr21	38577001	38643000	1.5552820224138704	-1.006831
chr21	38643001	38650000	1.5927486805673716	-0.979581
chr21	38650001	38662000	1.6932639999884762	-0.90892
chr21	38662001	38668000	1.635609741778722	-0.949026
chr21	38668001	38674000	1.741776679676935	-0.876016
chr21	38674001	38684000	1.5832692902553276	-0.986427
chr21	38684001	38712000	1.6385038099354217	-0.946986
chr21	38712001	38720000	1.674304707843272	-0.921986
chr21	38720001	38735000	1.5976527483369354	-0.976052
chr21	38735001	38763000	1.63824260839714	-0.94717
chr21	38763001	38864000	1.6077164700188935	-0.968837
chr21	38864001	38915000	1.5856065707297353	-0.984736
chr21	38915001	38949000	1.5904335329879957	-0.98125
chr21	38949001	38969000	1.5476317354245641	-1.012459
chr21	38969001	38993000	1.5822252417191387	-0.987183
chr21	38993001	39011000	1.5274353521108255	-1.027423
chr21	39011001	39045000	1.5947372103610533	-0.978149
chr21	39045001	39079000	1.606150954950732	-0.969957
chr21	39079001	39096000	1.6318365853491603	-0.95169
chr21	39096001	39113000	1.6013306645883203	-0.973411
chr21	39113001	39207000	1.5958990246621756	-0.977313
chr21	39207001	39233000	1.614563069416922	-0.963949
chr21	39233001	39303000	1.6411873118749392	-0.945097
chr21	39303001	39313000	1.5991239423715358	-0.974995
chr21	39313001	39349000	1.6571001460472605	-0.933946
chr21	39349001	39426000	1.6145307990722446	-0.963972
chr21	39426001	39444000	1.5757178236048113	-0.991904
chr21	39444001	39511000	1.6192420939741532	-0.960618
chr21	39511001	39519000	1.5714385053324826	-0.995017
chr21	39519001	39541000	1.6755646746159931	-0.921114
chr21	39541001	39564000	1.5694333077973273	-0.996478
chr21	39564001	39687000	1.6516750337327082	-0.937738
chr21	39687001	39705000	1.570440456430783	-0.995744
chr21	39705001	39794000	1.554017151066722	-1.00776
chr21	39794001	39820000	1.6107461140344186	-0.966672
chr21	39820001	39860000	1.5997352849587754	-0.974556
chr21	39860001	39893000	1.5651702730916437	-0.999589
chr21	39893001	39896000	1.5026311305799036	-1.046016
chr21	39896001	39913000	1.576240827267069	-0.991524
chr21	39913001	39923000	1.6294225358328318	-0.953397
chr21	39923001	39941000	1.519777129657036	-1.033138
chr21	39941001	39949000	1.6317233850687936	-0.95177
chr21	39949001	39960000	1.5783824491362237	-0.989969
chr21	39960001	39979000	1.6531843922119527	-0.936682
chr21	39979001	39997000	1.5602349626384333	-1.003199
chr21	39997001	40010000	1.6208965921788316	-0.959442
chr21	40010001	40017000	1.5253794622310748	-1.028955
chr21	40017001	40033000	1.6445206490081687	-0.942754
chr21	40033001	40079000	1.5806822676138423	-0.988301
chr21	40079001	40081000	1.6808468912659273	-0.917464
chr21	40081001	40265000	1.5641110803691407	-1.000363
chr21	40265001	40273000	1.5753930801412837	-0.99214
chr21	40273001	40496000	1.5985113938384603	-0.975435
chr21	40496001	40507000	1.6120349149434827	-0.965752
chr21	40507001	40570000	1.5435645811804537	-1.01546
chr21	40570001	40572000	1.6795996623422087	-0.918325
chr21	40572001	40622000	1.647555656730963	-0.940624
chr21	40622001	40632000	1.6445533974663953	-0.942731
chr21	40632001	40712000	1.5648390432456034	-0.999831
chr21	40712001	40743000	1.5688284417052927	-0.996919
chr21	40743001	40766000	1.658943231953395	-0.93266
chr21	40766001	40780000	1.618643093119381	-0.961044
chr21	40780001	40810000	1.6472647858694067	-0.940828
chr21	40810001	40826000	1.559021485042213	-1.004088
chr21	40826001	40863000	1.5842212873183235	-0.985738
chr21	40863001	40881000	1.5968890434349405	-0.976601
chr21	40881001	40923000	1.5883772557609608	-0.982734
chr21	40923001	40927000	1.5517127967157118	-1.009454
chr21	40927001	40948000	1.5373076193309874	-1.020089
chr21	40948001	40956000	1.554160072021234	-1.007655
chr21	40956001	40962000	1.4948003408261412	-1.051936
chr21	40962001	40969000	1.4456260954481008	-1.089677
chr21	40969001	41030000	1.6093951568050027	-0.967637
chr21	41030001	41033000	1.7384686562649996	-0.878236
chr21	41033001	41318000	1.6304163766740025	-0.952694
chr21	41318001	41335000	1.6347593237764835	-0.949626
chr21	41335001	41398000	1.5780944698451311	-0.990178
chr21	41398001	41408000	1.5733907525266044	-0.993596
chr21	41408001	41495000	1.5936427192946823	-0.978937
chr21	41495001	41500000	1.5151513746464325	-1.036601
chr21	41500001	46682000	3.785888329656991	0.08755
chr22	10661001	10776000	4.800063979065563	0.399899
chr22	10776001	11976000	3.571038958823077	0.011712
chr22	12028001	12167000	5.302927725248745	0.532837
chr22	12178001	12642000	3.532165327107432	-0.002446
chr22	12691001	15167000	2.418016230599005	-0.481696
chr22	15388001	16041000	3.737743630706935	0.070899
chr22	16041001	16048000	15.280410948824246	1.990476
chr22	16048001	19253000	4.074373010455264	0.183488
chr22	19253001	19298000	1.9924111413220347	-0.717036
chr22	19298001	19304000	1.9032087140870984	-0.771632
chr22	19304001	19375000	1.9217282356075371	-0.760126
chr22	19375001	19379000	1.8967234888332907	-0.775683
chr22	19379001	19402000	1.8661397108312872	-0.794942
chr22	19402001	19411000	1.897913189942782	-0.774939
chr22	19411001	19474000	1.849021263074074	-0.805835
chr22	19474001	19622000	1.926893774886571	-0.756933
chr22	19622001	19643000	1.874168861219773	-0.789861
chr22	19643001	19688000	1.8518081543652645	-0.804056
chr22	19688001	19736000	1.8919899592867175	-0.778647
chr22	19736001	19744000	1.8377350817449447	-0.813062
chr22	19744001	19769000	1.8622199739557215	-0.797429
chr22	19769001	19953000	1.8677903210868132	-0.793896
chr22	19953001	19960000	1.8640600060619	-0.796261
chr22	19960001	20039000	1.8838266174913523	-0.783773
chr22	20039001	22898000	4.080876717683178	0.185579
chr22	22898001	22904000	5.873315364822175	0.670141
chr22	22904001	23148000	4.007891649884743	0.161938
chr22	23148001	23632000	3.2418760458304883	-0.112807
chr22	23632001	24760000	3.2751197699778523	-0.099732
chr22	24760001	25235000	3.279781357815196	-0.097908
chr22	25235001	25425000	1.9118014546932702	-0.766282
chr22	25425001	25512000	1.8815608125518812	-0.785199
chr22	25512001	25579000	1.8598307874419384	-0.798947
chr22	25579001	25618000	1.8621128946806056	-0.797497
chr22	25618001	25667000	1.8884222951449514	-0.780885
chr22	25667001	25734000	1.863694401661948	-0.796493
chr22	25734001	25814000	1.891021775017986	-0.779254
chr22	25814001	25819000	1.8557193486122114	-0.801563
chr22	25819001	25899000	1.8027349955370107	-0.835707
chr22	25899001	25909000	1.784962950062344	-0.847343
chr22	25909001	26020000	1.8663716076907133	-0.794795
chr22	26020001	26033000	1.8600526020359989	-0.798806
chr22	26033001	26126000	1.82742927277342	-0.819693
chr22	26126001	26237000	1.855870095366218	-0.801467
chr22	26237001	26293000	1.869198861799576	-0.793004
chr22	26293001	26328000	1.8169932270956266	-0.826439
chr22	26328001	26343000	1.8996092543108547	-0.773879
chr22	26343001	26352000	1.941634352596574	-0.74786
chr22	26352001	26378000	1.9384063500829718	-0.749842
chr22	26378001	26392000	1.9221322656923698	-0.759876
chr22	26392001	26397000	1.9553332753955066	-0.739479
chr22	26397001	26435000	1.8814623500879817	-0.785261
chr22	26435001	26536000	1.910570819807135	-0.767047
chr22	26536001	26544000	1.941958700824786	-0.747661
chr22	26544001	26625000	1.8865052503345447	-0.782089
chr22	26625001	26638000	1.894395433958152	-0.77714
chr22	26638001	26662000	1.9413393812487794	-0.748041
chr22	26662001	26686000	1.8896300263455699	-0.780127
chr22	26686001	26702000	1.8419933553674444	-0.810331
chr22	26702001	26712000	1.9822828731655315	-0.723132
chr22	26712001	26825000	1.8823137138213062	-0.784725
chr22	26825001	26830000	1.7466137507710846	-0.872776
chr22	26830001	26843000	1.8813480118916026	-0.785333
chr22	26843001	26865000	1.8118304302629629	-0.829788
chr22	26865001	27126000	1.8754577987510639	-0.789047
chr22	27126001	27145000	1.87959712734916	-0.786436
chr22	27145001	27178000	1.7957303430688423	-0.840282
chr22	27178001	27187000	1.9332900616796491	-0.752989
chr22	27187001	27197000	1.732824014457951	-0.882032
chr22	27197001	27265000	1.8576044042080788	-0.800363
chr22	27265001	27273000	1.9001743524009216	-0.773526
chr22	27273001	27297000	1.8401774189073012	-0.811495
chr22	27297001	27304000	2.0504018297185556	-0.68262
chr22	27304001	27320000	1.8426848570829575	-0.809888
chr22	27320001	27329000	1.7513808087959462	-0.86959
chr22	27329001	27338000	1.751202565514248	-0.869709
chr22	27338001	27348000	1.8860739765629067	-0.78236
chr22	27348001	27433000	1.8693947368637143	-0.79288
chr22	27433001	27435000	1.7938570200990875	-0.841508
chr22	27435001	27489000	1.8431735630724257	-0.809575
chr22	27489001	27495000	1.7911613759507221	-0.843274
chr22	27495001	27511000	1.9279694107668242	-0.756269
chr22	27511001	27517000	1.883467371414912	-0.783999
chr22	27517001	27564000	1.8761326432286358	-0.788621
chr22	27564001	27569000	1.7225632636268866	-0.888958
chr22	27569001	27971000	1.8832130719313978	-0.784159
chr22	27971001	27979000	1.8729249505689451	-0.790647
chr22	27979001	28012000	1.8799938560366674	-0.786186
chr22	28012001	28014000	1.5029532504019685	-1.045773
chr22	28014001	28074000	1.8286871768963198	-0.818882
chr22	28074001	28249000	1.8381806454678198	-0.812776
chr22	28249001	28377000	1.8498355133238114	-0.805315
chr22	28377001	28421000	1.929420034881081	-0.755374
chr22	28421001	28459000	1.8950646886625446	-0.776721
chr22	28459001	28465000	1.9202371628010435	-0.761049
chr22	28465001	28696000	1.9077115124117112	-0.768826
chr22	28696001	28739000	1.901247298527923	-0.772856
chr22	28739001	29168000	1.9240871434731246	-0.758667
chr22	29168001	29173000	2.0651461100205695	-0.673999
chr22	29173001	29256000	1.9080070839581422	-0.768642
chr22	29256001	29299000	1.8919532661309655	-0.77867
chr22	29299001	29369000	1.9691614757307223	-0.731068
chr22	29369001	29484000	3.3454866182193124	-0.072441
chr22	29484001	30649000	3.0599654155671785	-0.186531
chr22	30649001	32793000	3.0556296040012443	-0.188335
chr22	32793001	33026000	2.9396809320313406	-0.237434
chr22	33026001	33358000	3.0070955967006263	-0.208684
chr22	33358001	33364000	0.7545913653235072	-1.761926
chr22	33364001	35343000	2.9450317805619286	-0.235131
chr22	35343001	36434000	3.053948653237794	-0.189035
chr22	36434001	36808000	3.080862141429774	-0.177868
chr22	36808001	36926000	2.9630030063827264	-0.227423
chr22	36926001	37734000	3.063911769957114	-0.184891
chr22	37734001	38184000	3.1452664277753284	-0.151491
chr22	38184001	38196000	3.004983726357253	-0.209576
chr22	38196001	39304000	3.091404974461185	-0.173517
chr22	39304001	41015000	3.085026043897609	-0.176148
chr22	41015001	42123000	3.1533800067819566	-0.148202
chr22	42126001	42135000	8.34313349817873	1.148438
chr22	42138001	42397000	3.050287006389511	-0.190561
chr22	42397001	42523000	3.130416995679412	-0.15753
chr22	42523001	42543000	2.5846473868862123	-0.39909
chr22	42543001	43288000	2.8738080609923813	-0.266091
chr22	43288001	43372000	2.706786458258658	-0.34141
chr22	43372001	44615000	2.769760268461018	-0.312548
chr22	44615001	45290000	2.834755372823608	-0.283353
chr22	45290001	47172000	2.810087622903273	-0.294364
chr22	47172001	47939000	2.7407221016781778	-0.325785
chr22	47939001	47961000	2.736767787018625	-0.327597
chr22	47961001	49335000	2.7613595149720016	-0.316365
chr22	49335001	49839000	2.8211962789481095	-0.289395
chr22	49839001	50373000	2.848127486040927	-0.277419
chr22	50373001	50796000	2.8583410941253935	-0.272903
chrX	251001	9410000	4.207317495541025	0.22564
chrX	9411001	156026000	3.8541384853263922	0.11083
chrY	6534001	11104000	6.23226143245422	0.750294
chrY	11105001	11331000	4.076546084752317	0.184187
chrY	11333001	56708000	6.483901287492459	0.803943
chrY	56821001	56887000	4.062202774686486	0.179567
chrM	1	16569	5.192066405239917	0.504564
